1776268810557 0.5113806321620941 0
1776269099168 0.5508743286132812 1
1776269408064 0.5974112939834595 2
1776269735498 0.6080985789299012 3
1776270082660 0.6547250227928162 4
1776270449192 0.6688800292015076 5
1776270833365 0.6788170189857483 6
1776271236523 0.6647753643989563 7
1776271656469 0.6545679273605347 8
1776272094400 0.7017917513847352 9
1776272551550 0.6932157154083252 10
1776273026408 0.706721067905426 11
1776273517321 0.7061619563102722 12
1776274030405 0.7013062167167664 13
1776274560881 0.7178456559181213 14
1776275108588 0.724981529712677 15
1776275672692 0.7212268939018249 16
1776276254774 0.7245636100769043 17
1776276854352 0.7255245604515076 18
1776277475209 0.7290850977897644 19
1776278117703 0.7378626012802124 20
1776278774177 0.7378820371627808 21
1776279451189 0.722903648853302 22
1776280146038 0.7365368614196778 23
1776280862611 0.7381023330688476 24
1776281592370 0.7428396515846253 25
1776282345267 0.7413768010139465 26
1776283115536 0.742628812789917 27
1776283904625 0.7450270223617553 28
1776284711467 0.7434797253608704 29
1776285535503 0.7473662390708923 30
1776286375861 0.7515459194183349 31
1776287236840 0.742510272026062 32
1776288112917 0.7515318913459778 33
1776289008707 0.7515219130516052 34
1776289922267 0.7546723809242248 35
1776290852210 0.7519433426856995 36
1776291800074 0.7522322692871094 37
1776292770002 0.7587648496627808 38
1776293759860 0.7470847411155701 39
1776294767709 0.7547588505744934 40
1776295792180 0.7575658936500549 41
1776296833512 0.7590152139663696 42
1776297897256 0.7484210176467896 43
1776298978049 0.7589609208106994 44
1776300076011 0.7557173438072204 45
1776301191333 0.7561231498718262 46
1776302323587 0.7558827443122864 47
1776303488456 0.7601877861022949 48
1776304662527 0.7606569848060608 49
