1776268810533 0.607068301975727 0
1776269099148 0.3145072818994522 1
1776269408041 0.26788843420147895 2
1776269735479 0.24238317805528642 3
1776270082626 0.2249195229113102 4
1776270449173 0.2148963889181614 5
1776270833346 0.20449360285699367 6
1776271236502 0.20419890135526658 7
1776271656451 0.19315628780424596 8
1776272094383 0.18907193636894226 9
1776272551533 0.1859578992575407 10
1776273026390 0.18181140752136707 11
1776273517304 0.17977752555906773 12
1776274030386 0.18432094570994378 13
1776274560864 0.17468383471667767 14
1776275108570 0.17316021700203418 15
1776275672673 0.1719959425777197 16
1776276254758 0.16963018058240414 17
1776276854331 0.17168349759280682 18
1776277475190 0.16744689935445786 19
1776278117683 0.16608894109725952 20
1776278774141 0.16495151937007904 21
1776279451170 0.16435103958845138 22
1776280146020 0.1643762171268463 23
1776280862592 0.16199697822332382 24
1776281592350 0.16124124927818775 25
1776282345249 0.16020753863453865 26
1776283115515 0.15890955869853496 27
1776283904592 0.15909169417619706 28
1776284711431 0.15749175798892975 29
1776285535484 0.15721203398704528 30
1776286375843 0.1556252142637968 31
1776287236822 0.1564239868670702 32
1776288112900 0.15629757867753505 33
1776289008688 0.15486239399015903 34
1776289922234 0.15342875346541404 35
1776290852193 0.15242900596559047 36
1776291800056 0.15370831106603144 37
1776292769983 0.151326343357563 38
1776293759832 0.15279710492491722 39
1776294767693 0.1509106772542 40
1776295792162 0.15036075085401535 41
1776296833495 0.15103075912594796 42
1776297897237 0.14926831822097303 43
1776298978028 0.14805363124608995 44
1776300075978 0.14876594388484954 45
1776301191315 0.14745793986320496 46
1776302323567 0.14782095843553544 47
1776303488437 0.1465624974966049 48
1776304662509 0.14694925135374068 49
