1774346665152 0.04470282793045044 0
1774346667218 0.06214267946779728 1
1774346669366 0.08817704021930695 2
1774346671714 0.11337688937783241 3
1774346674781 0.0634581595659256 4
1774346677093 0.11179417744278908 5
1774346679254 0.2687462270259857 6
1774346681353 0.3962792307138443 7
1774346683493 0.38294266164302826 8
1774346685802 0.45232366025447845 9
1774346688846 0.3753418028354645 10
1774346691380 0.4935278445482254 11
1774346693528 0.5148672461509705 12
1774346695644 0.5329138040542603 13
1774346697825 0.5283328592777252 14
1774346700094 0.5123323202133179 15
1774346703210 0.5267286896705627 16
1774346705779 0.5337446331977844 17
1774346707978 0.5358577966690063 18
1774346710156 0.5365791022777557 19
