1774346665166 0.002951639484641007 0
1774346667241 0.005459866761210004 1
1774346669377 0.007893697913739435 2
1774346671724 0.009556362014420594 3
1774346674793 0.009994965352845242 4
1774346677105 0.009819815024222052 5
1774346679265 0.009402980047373053 6
1774346681364 0.008765362268588735 7
1774346683505 0.00793893450575732 8
1774346685827 0.006965137297768985 9
1774346688860 0.005892800902855287 10
1774346691391 0.004775696745544034 11
1774346693539 0.0036698410929035365 12
1774346695656 0.0026306861650082568 13
1774346697837 0.001710339529075956 14
1774346700105 0.0009549512084651508 15
1774346703223 0.00040239952779819817 16
1774346705791 8.039173559862365e-05 17
1774346707990 5.074647154757324e-06 18
1774346710168 5.074647154757324e-06 19
