1774348564229 0.5251038074493408 0
1774348566792 0.5255897343158722 1
1774348568871 0.5259985029697418 2
1774348570914 0.5262512564659119 3
1774348572985 0.5264419913291931 4
1774348575190 0.5266879200935364 5
1774348577910 0.5268060266971588 6
1774348580570 0.527328759431839 7
1774348582672 0.5274378657341003 8
1774348584782 0.5277023315429688 9
1774348586919 0.5277793705463409 10
1774348589055 0.5280194282531738 11
1774348591449 0.5284678339958191 12
1774348595399 0.5284455716609955 13
1774348597945 0.5289115607738495 14
1774348600087 0.529102087020874 15
1774348602148 0.5291853547096252 16
1774348604293 0.529220312833786 17
1774348606855 0.529190182685852 18
1774348609716 0.5293807983398438 19
1774348638618 0.5254310369491577 0
1774348640737 0.5334676504135132 1
1774348642811 0.4984731078147888 2
1774348644939 0.45100486278533936 3
1774348647987 0.18126680701971054 4
1774348650546 0.2671453058719635 5
1774348652697 0.1644817590713501 6
1774348654814 0.08012542128562927 7
1774348656891 0.28959059715270996 8
1774348659032 0.23663893342018127 9
1774348661808 0.5429154336452484 10
1774348664511 0.5154627859592438 11
1774348666704 0.57484570145607 12
1774348668798 0.5971221327781677 13
1774348670941 0.5965233743190765 14
1774348673094 0.5823754966259003 15
1774348675704 0.6075432598590851 16
1774348678516 0.6064042448997498 17
1774348680654 0.6085973381996155 18
1774348682792 0.6098376512527466 19
1774348720259 0.603679358959198 0
1774348722336 0.6037721335887909 1
1774348724514 0.6036288142204285 2
1774348727067 0.603800505399704 3
1774348730044 0.6037847697734833 4
1774348732144 0.6038377285003662 5
1774348734316 0.6037577390670776 6
1774348736402 0.6037278771400452 7
1774348738578 0.6037958860397339 8
1774348740976 0.6036328077316284 9
1774348743951 0.6036653816699982 10
1774348746129 0.603773295879364 11
1774348748249 0.6037295758724213 12
1774348750397 0.6036309003829956 13
1774348752514 0.6038235127925873 14
1774348754851 0.6039223968982697 15
1774348757839 0.6036954820156097 16
1774348760239 0.6038036942481995 17
1774348762385 0.6037441194057465 18
1774348764608 0.6037618219852448 19
1774348854199 0.10641130805015564 0
1774348856551 0.02179284393787384 1
1774348859521 0.11125950142741203 2
1774348861654 0.06147145852446556 3
1774348863792 0.015089883469045162 4
1774348865910 0.084210354834795 5
1774348867989 0.20827193558216095 6
1774348870397 0.3298705816268921 7
1774348873301 0.3201627731323242 8
1774348875683 0.3091229349374771 9
1774348877896 0.4400700032711029 10
1774348880053 0.4473056495189667 11
1774348882225 0.2859213054180145 12
1774348884618 0.29867567121982574 13
1774348887812 0.3590925931930542 14
1774348890164 0.5265126824378967 15
1774348892337 0.5430235862731934 16
1774348894519 0.5448146760463715 17
1774348896688 0.5489366054534912 18
1774348899130 0.5506328046321869 19
