1774348564248 5.074647154757324e-06 0
1774348566804 5.074647154757324e-06 1
1774348568883 5.074647154757324e-06 2
1774348570926 5.074647154757324e-06 3
1774348572999 5.074647154757324e-06 4
1774348575201 5.074647154757324e-06 5
1774348577921 5.074647154757324e-06 6
1774348580582 5.074647154757324e-06 7
1774348582683 5.074647154757324e-06 8
1774348584794 5.074647154757324e-06 9
1774348586930 5.074647154757324e-06 10
1774348589066 5.074647154757324e-06 11
1774348591464 5.074647154757324e-06 12
1774348595410 5.074647154757324e-06 13
1774348597968 5.074647154757324e-06 14
1774348600100 5.074647154757324e-06 15
1774348602159 5.074647154757324e-06 16
1774348604303 5.074647154757324e-06 17
1774348606869 5.074647154757324e-06 18
1774348609728 5.074647154757324e-06 19
1774348638630 0.001087085554395571 0
1774348640748 0.002951639484641007 1
1774348642821 0.005459866761210004 2
1774348644952 0.007893697913739435 3
1774348647998 0.009556362014420594 4
1774348650557 0.009994965352845242 5
1774348652708 0.009819815024222052 6
1774348654837 0.009402980047373053 7
1774348656902 0.008765362268588735 8
1774348659043 0.00793893450575732 9
1774348661833 0.006965137297768985 10
1774348664522 0.005892800902855287 11
1774348666715 0.004775696745544034 12
1774348668809 0.0036698410929035365 13
1774348670953 0.0026306861650082568 14
1774348673108 0.001710339529075956 15
1774348675715 0.0009549512084651508 16
1774348678528 0.00040239952779819817 17
1774348680665 8.039173559862365e-05 18
1774348682804 5.074647154757324e-06 19
1774348720270 5.074647154757324e-06 0
1774348722347 5.074647154757324e-06 1
1774348724524 5.074647154757324e-06 2
1774348727078 5.074647154757324e-06 3
1774348730055 5.074647154757324e-06 4
1774348732155 5.074647154757324e-06 5
1774348734340 5.074647154757324e-06 6
1774348736414 5.074647154757324e-06 7
1774348738590 5.074647154757324e-06 8
1774348740988 5.074647154757324e-06 9
1774348743962 5.074647154757324e-06 10
1774348746141 5.074647154757324e-06 11
1774348748261 5.074647154757324e-06 12
1774348750407 5.074647154757324e-06 13
1774348752525 5.074647154757324e-06 14
1774348754865 5.074647154757324e-06 15
1774348757852 5.074647154757324e-06 16
1774348760250 5.074647154757324e-06 17
1774348762398 5.074647154757324e-06 18
1774348764626 5.074647154757324e-06 19
1774348854210 0.001087085554395571 0
1774348856561 0.002951639484641007 1
1774348859541 0.005459866761210004 2
1774348861664 0.007893697913739435 3
1774348863803 0.009556362014420594 4
1774348865922 0.009994965352845242 5
1774348868000 0.009819815024222052 6
1774348870412 0.009402980047373053 7
1774348873326 0.008765362268588735 8
1774348875696 0.00793893450575732 9
1774348877908 0.006965137297768985 10
1774348880064 0.005892800902855287 11
1774348882237 0.004775696745544034 12
1774348884630 0.0036698410929035365 13
1774348887824 0.0026306861650082568 14
1774348890176 0.001710339529075956 15
1774348892348 0.0009549512084651508 16
1774348894530 0.00040239952779819817 17
1774348896699 8.039173559862365e-05 18
1774348899140 5.074647154757324e-06 19
