1774348564193 0.23235429227352142 0
1774348566767 0.23263982832431793 1
1774348568845 0.23111993670463563 2
1774348570891 0.23421595692634584 3
1774348572961 0.23495010733604432 4
1774348575166 0.22953960299491882 5
1774348577885 0.23651857376098634 6
1774348580546 0.22760426104068757 7
1774348582649 0.23175662159919738 8
1774348584758 0.22838029265403748 9
1774348586887 0.22684913277626037 10
1774348589028 0.2323148250579834 11
1774348591427 0.22831147611141206 12
1774348595377 0.23165414929389955 13
1774348597922 0.22874037325382232 14
1774348600063 0.23249739706516265 15
1774348602126 0.22828317284584046 16
1774348604256 0.2283214658498764 17
1774348606830 0.2313704699277878 18
1774348609693 0.22913094460964203 19
1774348638595 0.24504062831401824 0
1774348640715 0.24293684661388398 1
1774348642787 0.2493505895137787 2
1774348644910 0.2645721256732941 3
1774348647964 0.35560382604599 4
1774348650523 0.40970064997673034 5
1774348652674 0.38022972345352174 6
1774348654786 0.3404616892337799 7
1774348656865 0.30373637080192567 8
1774348659009 0.29795234799385073 9
1774348661784 0.2624158799648285 10
1774348664488 0.23022857308387756 11
1774348666680 0.2121513605117798 12
1774348668765 0.20741189420223236 13
1774348670917 0.19550912082195282 14
1774348673066 0.19187365472316742 15
1774348675652 0.19272733926773072 16
1774348678493 0.185639625787735 17
1774348680631 0.18110520541667938 18
1774348682767 0.18653832972049714 19
1774348720235 0.181481996178627 0
1774348722314 0.18108700215816498 1
1774348724492 0.18229404091835022 2
1774348727041 0.18169373869895936 3
1774348730021 0.1802241861820221 4
1774348732120 0.18056544959545134 5
1774348734293 0.18310542404651642 6
1774348736378 0.1784852385520935 7
1774348738554 0.1793653964996338 8
1774348740935 0.18099999725818633 9
1774348743928 0.18046341836452484 10
1774348746106 0.1839916944503784 11
1774348748213 0.18244580924510956 12
1774348750373 0.18380914032459258 13
1774348752492 0.18502041101455688 14
1774348754822 0.18118900656700135 15
1774348757815 0.1867915451526642 16
1774348760216 0.18361946940422058 17
1774348762361 0.18487510085105896 18
1774348764575 0.18489689826965333 19
1774348854177 2.124541187286377 0
1774348856529 1.4639030933380126 1
1774348859499 1.1521342277526856 2
1774348861631 1.0380642056465148 3
1774348863770 0.9487275600433349 4
1774348865872 0.7114384651184082 5
1774348867967 0.531043416261673 6
1774348870372 0.5002311289310455 7
1774348873277 0.4171212375164032 8
1774348875658 0.3728942573070526 9
1774348877869 0.3382567882537842 10
1774348880016 0.33270989656448363 11
1774348882202 0.29848631024360656 12
1774348884592 0.28337122797966 13
1774348887782 0.26355148255825045 14
1774348890140 0.2495623141527176 15
1774348892313 0.24487555623054505 16
1774348894493 0.23998816013336183 17
1774348896665 0.23939992487430573 18
1774348899106 0.23593491911888123 19
