1774346371745 0.045456867665052414 0
1774346373923 0.04464198648929596 1
1774346376027 0.04137423262000084 2
1774346378217 0.038608063012361526 3
1774346380522 0.14183050394058228 4
1774346383719 0.13798419386148453 5
1774346386207 0.13521397858858109 6
1774346388303 0.30597421526908875 7
1774346390433 0.40608908236026764 8
1774346392553 0.34243401885032654 9
1774346394654 0.3484484404325485 10
1774346397769 0.4283345937728882 11
1774346400477 0.4719720333814621 12
1774346402587 0.4884037375450134 13
1774346404712 0.5017914772033691 14
1774346406848 0.5571438372135162 15
1774346408983 0.563251256942749 16
1774346411857 0.5653048455715179 17
1774346415112 0.5684719979763031 18
