1774346371759 0.002951639484641007 0
1774346373934 0.005459866761210004 1
1774346376050 0.007893697913739435 2
1774346378228 0.009556362014420594 3
1774346380539 0.009994965352845242 4
1774346383733 0.009819815024222052 5
1774346386218 0.009402980047373053 6
1774346388319 0.008765362268588735 7
1774346390444 0.00793893450575732 8
1774346392577 0.006965137297768985 9
1774346394666 0.005892800902855287 10
1774346397780 0.004775696745544034 11
1774346400489 0.0036698410929035365 12
1774346402598 0.0026306861650082568 13
1774346404723 0.001710339529075956 14
1774346406860 0.0009549512084651508 15
1774346408994 0.00040239952779819817 16
1774346411873 8.039173559862365e-05 17
1774346415124 5.074647154757324e-06 18
