1774346371717 1.5339157104492187 0
1774346373902 1.3168170928955079 1
1774346376004 1.0453146934509276 2
1774346378188 0.8391377925872803 3
1774346380479 0.6498899459838867 4
1774346383685 0.5951266884803772 5
1774346386181 0.5521538257598877 6
1774346388280 0.5403068721294403 7
1774346390403 0.4674241006374359 8
1774346392530 0.40296042561531065 9
1774346394626 0.3671476304531097 10
1774346397747 0.3432018518447876 11
1774346400441 0.313570898771286 12
1774346402563 0.29565008282661437 13
1774346404687 0.2832859069108963 14
1774346406824 0.27610461711883544 15
1774346408960 0.26667734086513517 16
1774346411830 0.26366902589797975 17
1774346415086 0.25946107506752014 18
