1775071077414 0.5752035797834396 0
1775071387099 0.31877341350913047 1
1775071717950 0.27061570131778717 2
1775072075497 0.24778716275095938 3
1775072453065 0.23095565816760064 4
1775072852617 0.22360834929347037 5
1775073273343 0.21141929173469542 6
1775073714167 0.20836530816555024 7
1775074177411 0.20138777109980582 8
1775074659602 0.19381781670451165 9
1775075160913 0.19463780495524408 10
1775075686214 0.18707341925799847 11
1775076226307 0.18677964894473553 12
1775076786992 0.18197930207848548 13
1775077370968 0.179120327308774 14
1775077981930 0.1788304428458214 15
1775078608733 0.17637764087319374 16
1775079256730 0.1762954645752907 17
1775079923751 0.172258097499609 18
1775080605814 0.17100073820352554 19
