1776020152048 0.5130343177318573 0
1776020454139 0.5686921043395996 1
1776020774321 0.5984841108322143 2
1776021115084 0.5807290844917298 3
1776021475186 0.6456595911979676 4
1776021854083 0.6628224925994873 5
1776022250411 0.6684383292198182 6
1776022666853 0.6857056431770324 7
1776023101737 0.6914954090118408 8
1776023555711 0.6991808309555053 9
1776024028186 0.6970053467750549 10
1776024523252 0.7052046699523926 11
1776025035506 0.7029004888534546 12
1776025566689 0.7061514687538147 13
1776026118187 0.7062917227745056 14
1776026687885 0.7196184535026551 15
1776027273309 0.7275706405639648 16
1776027879290 0.7224996175765991 17
1776028502987 0.7328328075408935 18
1776029145364 0.7322166919708252 19
1776029804973 0.7311814150810242 20
1776030485505 0.7393947248458862 21
1776031185324 0.738808117389679 22
