1776020152058 0.0003 0
1776020454147 0.0003 1
1776020774330 0.0003 2
1776021115093 0.0003 3
1776021475196 0.0003 4
1776021854107 0.0003 5
1776022250434 0.0003 6
1776022666861 0.0003 7
1776023101747 0.0003 8
1776023555735 0.0003 9
1776024028195 0.0003 10
1776024523261 0.0003 11
1776025035516 0.0003 12
1776025566699 0.0003 13
1776026118197 0.0003 14
1776026687894 0.0003 15
1776027273316 0.0003 16
1776027879299 0.0003 17
1776028503011 0.0003 18
1776029145375 0.0003 19
1776029804983 0.0003 20
1776030485516 0.0003 21
1776031185336 0.0003 22
