1776020152025 0.6167778260707856 0
1776020454119 0.31997942641377447 1
1776020774300 0.27220506051182747 2
1776021115063 0.24464019349217414 3
1776021475166 0.22885425132513046 4
1776021854064 0.21548648098111153 5
1776022250391 0.22338531321287156 6
1776022666836 0.2046030670553446 7
1776023101713 0.19594117878377437 8
1776023555689 0.19242672555148602 9
1776024028168 0.1914311015754938 10
1776024523232 0.1847501228004694 11
1776025035487 0.1837356853336096 12
1776025566670 0.18099488137662412 13
1776026118168 0.17691561548411847 14
1776026687866 0.17808007723093033 15
1776027273289 0.17622242592275142 16
1776027879271 0.17287460638582705 17
1776028502964 0.17252702714502813 18
1776029145330 0.17069129517674447 19
1776029804953 0.16955465379357337 20
1776030485467 0.16759431095421315 21
1776031185304 0.16563433142006398 22
