1776268810567 0.0003 0
1776269099178 0.0003 1
1776269408074 0.0003 2
1776269735507 0.0003 3
1776270082668 0.0003 4
1776270449200 0.0003 5
1776270833375 0.0003 6
1776271236532 0.0003 7
1776271656477 0.0003 8
1776272094408 0.0003 9
1776272551557 0.0003 10
1776273026416 0.0003 11
1776273517328 0.0003 12
1776274030412 0.0003 13
1776274560888 0.0003 14
1776275108595 0.0003 15
1776275672700 0.0003 16
1776276254782 0.0003 17
1776276854362 0.0003 18
1776277475217 0.0003 19
1776278117712 0.0003 20
1776278774187 0.0003 21
1776279451196 0.0003 22
1776280146046 0.0003 23
1776280862619 0.0003 24
1776281592379 0.0003 25
1776282345274 0.0003 26
1776283115561 0.0003 27
1776283904632 0.0003 28
1776284711475 0.0003 29
1776285535511 0.0003 30
1776286375869 0.0003 31
1776287236848 0.0003 32
1776288112924 0.0003 33
1776289008715 0.0003 34
1776289922275 0.0003 35
1776290852218 0.0003 36
1776291800084 0.0003 37
1776292770009 0.0003 38
1776293759868 0.0003 39
1776294767716 0.0003 40
1776295792187 0.0003 41
1776296833519 0.0003 42
1776297897266 0.0003 43
1776298978059 0.0003 44
1776300076020 0.0003 45
1776301191342 0.0003 46
1776302323596 0.0003 47
1776303488463 0.0003 48
1776304662554 0.0003 49
