1774982012408 0.014548084698617458 0
1774982016236 0.0186775466427207 1
1774982020379 0.013205112423747778 2
1774982024610 0.015882525593042374 3
1774982028532 0.017223683185875416 4
1774982032509 0.016556059010326862 5
1774982036835 0.016627376899123192 6
1774982041098 0.017723324708640575 7
1774982045236 0.018788727931678295 8
1774982049433 0.019616715610027313 9
1774982054231 0.01976240798830986 10
1774982058269 0.019980935379862785 11
1774982063173 0.02007380500435829 12
1774982067378 0.020423508249223232 13
1774982071684 0.02042113710194826 14
1774982075628 0.020428926683962345 15
1774982079540 0.020461566746234894 16
1774982083995 0.020522262901067734 17
1774982088284 0.020481285639107227 18
1774982092140 0.02048466168344021 19
