1774982012424 0.0003999999999999993 0
1774982016249 0.0003999999999999993 1
1774982020393 0.0003999999999999993 2
1774982024624 0.0003999999999999993 3
1774982028546 0.0003999999999999993 4
1774982032523 0.0003999999999999993 5
1774982036859 0.0003999999999999993 6
1774982041113 0.0003999999999999993 7
1774982045250 0.0003999999999999993 8
1774982049446 0.0003999999999999993 9
1774982054245 0.0003999999999999993 10
1774982058282 0.0003999999999999993 11
1774982063189 0.0003999999999999993 12
1774982067391 0.0003999999999999993 13
1774982071698 0.0003999999999999993 14
1774982075643 0.0003999999999999993 15
1774982079554 0.0003999999999999993 16
1774982084033 0.0003999999999999993 17
1774982088299 0.0003999999999999993 18
1774982092154 0.0003999999999999993 19
