1774346665123 1.5222872495651245 0
1774346667194 1.2620100259780884 1
1774346669342 0.8285300493240356 2
1774346671690 0.6625784754753112 3
1774346674752 0.6683618903160096 4
1774346677069 0.5290953993797303 5
1774346679229 0.49035562872886657 6
1774346681329 0.4321441650390625 7
1774346683457 0.3704969882965088 8
1774346685771 0.34039433002471925 9
1774346688815 0.3201265692710876 10
1774346691356 0.29226925373077395 11
1774346693494 0.27202349305152895 12
1774346695620 0.26124040484428407 13
1774346697799 0.2512125551700592 14
1774346700058 0.25205485224723817 15
1774346703179 0.2407555103302002 16
1774346705755 0.24051030576229096 17
1774346707955 0.23273760974407195 18
1774346710107 0.2352982461452484 19
