1775071077451 0.48960001063346864 0
1775071387161 0.548524917125702 1
1775071717975 0.5830220589637757 2
1775072075524 0.6091115782260895 3
1775072453091 0.6266303133964538 4
1775072852643 0.6337770256996155 5
1775073273384 0.657500147819519 6
1775073714208 0.6530363612174988 7
1775074177442 0.681126754283905 8
1775074659644 0.666898015499115 9
1775075160939 0.6906979560852051 10
1775075686239 0.6779513311386108 11
1775076226341 0.6917829642295837 12
1775076787037 0.6995328879356384 13
1775077371010 0.7029762234687805 14
1775077981957 0.7095905909538269 15
1775078608771 0.7184605302810669 16
1775079256755 0.7099689741134644 17
1775079923776 0.7090113253593445 18
1775080605839 0.7043447136878968 19
