1775071077465 0.0003999999999999993 0
1775071387175 0.0003999999999999993 1
1775071717985 0.0003999999999999993 2
1775072075538 0.0003999999999999993 3
1775072453104 0.0003999999999999993 4
1775072852655 0.0003999999999999993 5
1775073273398 0.0003999999999999993 6
1775073714221 0.0003999999999999993 7
1775074177459 0.0003999999999999993 8
1775074659657 0.0003999999999999993 9
1775075160952 0.0003999999999999993 10
1775075686251 0.0003999999999999993 11
1775076226355 0.0003999999999999993 12
1775076787050 0.0003999999999999993 13
1775077371024 0.0003999999999999993 14
1775077981969 0.0003999999999999993 15
1775078608787 0.0003999999999999993 16
1775079256767 0.0003999999999999993 17
1775079923788 0.0003999999999999993 18
1775080605850 0.0003999999999999993 19
