1774339542796 0.002951639484641007 0
1774339545848 0.005459866761210004 1
1774339548231 0.007893697913739435 2
1774339550602 0.009556362014420594 3
1774339552936 0.009994965352845242 4
1774339555418 0.009819815024222052 5
1774339558777 0.009402980047373053 6
1774339561452 0.008765362268588735 7
1774339563761 0.00793893450575732 8
1774339566052 0.006965137297768985 9
1774339568349 0.005892800902855287 10
1774339570964 0.004775696745544034 11
1774339574386 0.0036698410929035365 12
1774339576780 0.0026306861650082568 13
1774339579011 0.001710339529075956 14
1774339581328 0.0009549512084651508 15
1774339583625 0.00040239952779819817 16
1774339586310 8.039173559862365e-05 17
1774339589715 5.074647154757324e-06 18
