1774982012373 2.691928195953369 0
1774982016207 2.691699981689453 1
1774982020339 2.692124366760254 2
1774982024578 2.6938002586364744 3
1774982028505 2.692461919784546 4
1774982032481 2.6914464950561525 5
1774982036806 2.6931176662445067 6
1774982041069 2.6912306785583495 7
1774982045208 2.692430925369263 8
1774982049404 2.693792295455933 9
1774982054203 2.6919836044311523 10
1774982058240 2.691508483886719 11
1774982063140 2.694092273712158 12
1774982067331 2.6934547901153563 13
1774982071656 2.6914709568023683 14
1774982075599 2.694266700744629 15
1774982079513 2.6901556491851806 16
1774982083964 2.693127727508545 17
1774982088255 2.693582057952881 18
1774982092109 2.6932698249816895 19
