1774339542774 0.048186130821704865 0
1774339545834 0.06368982046842575 1
1774339548217 0.06016693636775017 2
1774339550588 0.0915912501513958 3
1774339552923 0.05783378891646862 4
1774339555405 0.13368571549654007 5
1774339558751 0.26781778037548065 6
1774339561439 0.15506868064403534 7
1774339563748 0.38587041199207306 8
1774339566036 0.26437802612781525 9
1774339568336 0.4212236702442169 10
1774339570951 0.36135856807231903 11
1774339574371 0.39407026767730713 12
1774339576767 0.4522152543067932 13
1774339578999 0.4695834070444107 14
1774339581315 0.499756395816803 15
1774339583613 0.5039311349391937 16
1774339586298 0.5067307204008102 17
1774339589702 0.5170978903770447 18
