1774339542716 1.483139967918396 0
1774339545807 1.1874655961990357 1
1774339548176 1.0258586049079894 2
1774339550558 0.7604763627052307 3
1774339552897 0.8175950050354004 4
1774339555373 0.9294448971748352 5
1774339558706 0.6950233578681946 6
1774339561411 0.5807805240154267 7
1774339563720 0.5252370536327362 8
1774339565994 0.4610659956932068 9
1774339568308 0.41390625238418577 10
1774339570914 0.3865838885307312 11
1774339574341 0.37544079422950744 12
1774339576742 0.32493982315063474 13
1774339578970 0.3050449132919312 14
1774339581287 0.2945417582988739 15
1774339583573 0.28378140926361084 16
1774339586271 0.26986752152442933 17
1774339589664 0.27240983545780184 18
