1774209240544 0.5133914248943329 0
1774209435925 0.5314779284000397 1
1774209629354 0.5876267838478089 2
1774209823339 0.5948059496879577 3
1774210016908 0.6168279786109925 4
1774210209013 0.6210593333244324 5
1774210402013 0.6525511603355407 6
1774210594173 0.6585843291282654 7
1774210786233 0.672776526927948 8
1774210980902 0.6852030611038208 9
1774211173521 0.6979036912918091 10
1774211366367 0.7051873779296876 11
1774211559528 0.7134593405723572 12
1774211751980 0.7185491938591003 13
1774211945866 0.7297364807128907 14
1774212140419 0.7408277635574341 15
1774212336856 0.735789279460907 16
1774212527710 0.744418662071228 17
1774212720261 0.7434583044052124 18
