1774209240558 0.002801451669616887 0
1774209435939 0.0052025141120453046 1
1774209629366 0.007602902461173492 2
1774209823351 0.009359015447471895 3
1774210016919 0.009999999496450779 4
1774210209026 0.009874140237632655 5
1774210402024 0.009503872237545978 6
1774210594185 0.008907762279819617 7
1774210786245 0.008115701806872377 8
1774210980914 0.0071674080381743405 9
1774211173532 0.00611043238301796 10
1774211366378 0.004997776014298747 11
1774211559539 0.0038852321683926602 12
1774211751992 0.002828588439311963 13
1774211945881 0.0018808293557927257 14
1774212140431 0.0010894795157798867 15
1774212336867 0.0004942205046408485 16
1774212527722 0.00012490109477929012 17
1774212720273 4.0503549222058947e-08 18
