1774209240512 0.36244080179929733 0
1774209435890 0.3112803511619568 1
1774209629330 0.2866015017926693 2
1774209823315 0.27007117542624476 3
1774210016863 0.24977662146091462 4
1774210208983 0.2461811834871769 5
1774210401988 0.225048284471035 6
1774210594149 0.22029553516209124 7
1774210786208 0.20543247684836388 8
1774210980876 0.20116155461966992 9
1774211173495 0.19189032758772373 10
1774211366342 0.18493086540699005 11
1774211559487 0.17812649393081664 12
1774211751956 0.17243357264995576 13
1774211945826 0.16712592212855815 14
1774212140393 0.16252069140970707 15
1774212336833 0.1599297154098749 16
1774212527685 0.15637659452855587 17
1774212720237 0.15460188834369182 18
